-0.0628 -0.4456 0.8930
-0.0613 -0.3356 0.9400
-0.0586 -0.2099 0.9760
-0.0547 -0.0727 0.9959
-0.0496 0.0689 0.9964
-0.0436 0.2066 0.9775
-0.0372 0.3332 0.9421
-0.0308 0.4442 0.8954
-0.1881 -0.4380 0.8791
-0.1931 -0.3283 0.9246
-0.1954 -0.2032 0.9594
-0.1943 -0.0670 0.9787
-0.1894 0.0734 0.9792
-0.1809 0.2099 0.9609
-0.1697 0.3355 0.9267
-0.1568 0.4457 0.8814
-0.3069 -0.4239 0.8521
-0.3175 -0.3157 0.8942
-0.3240 -0.1931 0.9261
-0.3253 -0.0603 0.9437
-0.3206 0.0763 0.9441
-0.3102 0.2092 0.9274
-0.2950 0.3320 0.8960
-0.2768 0.4403 0.8541
-0.4148 -0.4048 0.8149
-0.4294 -0.2991 0.8521
-0.4390 -0.1806 0.8802
-0.4420 -0.0530 0.8954
-0.4376 0.0778 0.8958
-0.4259 0.2053 0.8812
-0.4082 0.3237 0.8536
-0.3862 0.4291 0.8165
-0.5094 -0.3824 0.7709
-0.5263 -0.2801 0.8028
-0.5376 -0.1667 0.8265
-0.5416 -0.0457 0.8394
-0.5375 0.0781 0.8397
-0.5253 0.1989 0.8273
-0.5063 0.3119 0.8040
-0.4823 0.4136 0.7722
-0.5899 -0.3584 0.7236
-0.6078 -0.2602 0.7503
-0.6197 -0.1526 0.7699
-0.6241 -0.0387 0.7804
-0.6202 0.0774 0.7806
-0.6082 0.1911 0.7704
-0.5890 0.2982 0.7511
-0.5644 0.3956 0.7245
0.0510 -0.4525 0.8903
0.0514 -0.3405 0.9388
0.0509 -0.2127 0.9758
0.0494 -0.0738 0.9960
0.0469 0.0687 0.9965
0.0436 0.2064 0.9775
0.0396 0.3322 0.9424
0.0355 0.4419 0.8963
0.1781 -0.4468 0.8767
0.1849 -0.3352 0.9238
0.1892 -0.2083 0.9596
0.1901 -0.0706 0.9792
0.1873 0.0706 0.9798
0.1809 0.2070 0.9615
0.1718 0.3318 0.9276
0.1610 0.4409 0.8830
0.2986 -0.4342 0.8499
0.3108 -0.3244 0.8934
0.3190 -0.2002 0.9264
0.3220 -0.0661 0.9444
0.3189 0.0710 0.9451
0.3102 0.2038 0.9286
0.2968 0.3259 0.8976
0.2803 0.4332 0.8566
0.4078 -0.4163 0.8127
0.4238 -0.3093 0.8513
0.4348 -0.1894 0.8804
0.4391 -0.0609 0.8964
0.4360 0.0703 0.8972
0.4257 0.1976 0.8830
0.4094 0.3154 0.8561
0.3890 0.4199 0.8200
0.5032 -0.3948 0.7687
0.5214 -0.2915 0.8020
0.5339 -0.1771 0.8268
0.5390 -0.0554 0.8405
0.5359 0.0687 0.8415
0.5249 0.1893 0.8299
0.5071 0.3018 0.8073
0.4844 0.4028 0.7766
0.5843 -0.3716 0.7215
0.6033 -0.2726 0.7495
0.6162 -0.1643 0.7703
0.6215 -0.0498 0.7818
0.6186 0.0664 0.7829
0.6075 0.1799 0.7737
0.5894 0.2865 0.7553
0.5660 0.3834 0.7298
