-0.0606 -0.4484 0.8918
-0.0594 -0.3374 0.9395
-0.0571 -0.2123 0.9755
-0.0536 -0.0780 0.9955
-0.0492 0.0587 0.9971
-0.0440 0.1902 0.9808
-0.0384 0.3105 0.9498
-0.0328 0.4161 0.9087
-0.1845 -0.4399 0.8789
-0.1887 -0.3295 0.9251
-0.1902 -0.2055 0.9600
-0.1885 -0.0727 0.9794
-0.1833 0.0623 0.9811
-0.1750 0.1922 0.9656
-0.1645 0.3113 0.9360
-0.1527 0.4160 0.8964
-0.3014 -0.4251 0.8535
-0.3102 -0.3166 0.8964
-0.3149 -0.1955 0.9288
-0.3145 -0.0664 0.9469
-0.3088 0.0647 0.9489
-0.2981 0.1910 0.9352
-0.2836 0.3073 0.9084
-0.2667 0.4102 0.8721
-0.4071 -0.4056 0.8184
-0.4192 -0.3000 0.8569
-0.4262 -0.1833 0.8859
-0.4269 -0.0595 0.9023
-0.4209 0.0659 0.9047
-0.4086 0.1872 0.8933
-0.3914 0.2994 0.8701
-0.3708 0.3996 0.8384
-0.4996 -0.3832 0.7769
-0.5136 -0.2813 0.8106
-0.5219 -0.1699 0.8359
-0.5233 -0.0525 0.8506
-0.5172 0.0662 0.8533
-0.5043 0.1814 0.8443
-0.4856 0.2887 0.8251
-0.4629 0.3855 0.7982
-0.5785 -0.3593 0.7322
-0.5933 -0.2619 0.7612
-0.6020 -0.1563 0.7830
-0.6037 -0.0457 0.7959
-0.5978 0.0659 0.7989
-0.5849 0.1744 0.7922
-0.5659 0.2764 0.7768
-0.5424 0.3692 0.7546
0.0522 -0.4387 0.8971
0.0520 -0.3314 0.9421
0.0511 -0.2100 0.9764
0.0492 -0.0787 0.9957
0.0464 0.0563 0.9973
0.0428 0.1878 0.9813
0.0387 0.3095 0.9501
0.0344 0.4173 0.9081
0.1729 -0.4318 0.8852
0.1784 -0.3251 0.9287
0.1816 -0.2048 0.9618
0.1820 -0.0749 0.9804
0.1792 0.0585 0.9821
0.1733 0.1884 0.9667
0.1649 0.3088 0.9367
0.1550 0.4158 0.8962
0.2872 -0.4191 0.8613
0.2974 -0.3141 0.9016
0.3042 -0.1965 0.9321
0.3064 -0.0701 0.9493
0.3036 0.0595 0.9509
0.2959 0.1859 0.9370
0.2841 0.3035 0.9095
0.2694 0.4085 0.8721
0.3912 -0.4019 0.8279
0.4048 -0.2996 0.8639
0.4141 -0.1859 0.8910
0.4177 -0.0645 0.9063
0.4150 0.0596 0.9079
0.4061 0.1809 0.8958
0.3918 0.2944 0.8717
0.3738 0.3965 0.8385
0.4828 -0.3817 0.7882
0.4985 -0.2828 0.8195
0.5092 -0.1741 0.8429
0.5136 -0.0587 0.8560
0.5110 0.0590 0.8576
0.5015 0.1742 0.8474
0.4860 0.2826 0.8270
0.4660 0.3811 0.7985
0.5615 -0.3599 0.7451
0.5781 -0.2650 0.7718
0.5893 -0.1617 0.7915
0.5941 -0.0529 0.8027
0.5916 0.0578 0.8042
0.5820 0.1665 0.7960
0.5662 0.2694 0.7790
0.5455 0.3638 0.7550
